    GH2TOP      -0.66201      0.00000      -0.66201      0.00000
    GHATOP       0.00000     -0.66201      -0.00000      0.66201
      gwwa       0.30827
      gwwz       0.57560
      gwwh      52.48767     0.00000
      gzzh      67.54277     0.00000
      ghhh    -190.37879     0.00000
     gwwhh       0.21317     0.00000
     gzzhh       0.27432     0.00000
     ghhhh      -0.77321     0.00000
       gal       0.30827      0.00000       0.30827      0.00000
       gau      -0.20551      0.00000      -0.20551      0.00000
       gad       0.10276      0.00000       0.10276      0.00000
       gwf      -0.46171      0.00000       0.00000      0.00000
       gzn      -0.37035      0.00000       0.00000      0.00000
       gzl       0.20525      0.00000      -0.16510      0.00000
       gzu      -0.26028      0.00000       0.11007      0.00000
       gzd       0.31532      0.00000      -0.05503      0.00000
     gHtop   -0.6620105   0.0000000            -0.6620105   0.0000000
     gHbot   -0.0169767   0.0000000            -0.0169767   0.0000000
     gHcha   -0.0057672   0.0000000            -0.0057672   0.0000000
     gHtau   -0.0072171   0.0000000            -0.0072171   0.0000000
        gg   -1.2177158   0.0000000            -1.2177158   0.0000000
